2609 500
10 19
26 15
22 28
10 6
21 25
25 16
19 13
18 19
2 20
29 24
4 10
17 18
12 3
27 20
20 21
15 5
6 15
21 19
11 19
3 29
3 8
12 11
11 19
10 16
27 2
27 11
8 25
21 8
9 11
2 3
21 5
20 10
29 25
7 2
20 18
17 26
24 3
17 12
21 5
9 14
9 6
23 30
7 13
27 25
8 6
18 4
2 17
26 22
17 20
14 27
21 16
9 25
4 6
26 13
19 18
10 25
8 22
12 30
15 12
7 19
15 23
2 2
6 14
6 13
3 15
8 17
23 12
4 9
16 22
7 26
6 6
19 15
14 19
15 10
30 18
3 6
20 21
9 23
11 18
6 9
23 16
2 13
25 5
11 23
16 7
21 23
13 14
27 13
25 23
4 24
15 26
30 30
5 25
14 7
17 3
4 16
2 5
21 7
28 3
28 10
13 15
24 21
8 22
7 2
5 27
17 30
10 15
4 9
29 16
21 29
8 3
14 6
10 29
7 24
7 8
3 30
30 23
16 6
25 11
16 5
6 15
2 15
27 13
20 28
11 8
30 4
23 20
27 12
12 15
15 7
14 2
13 5
13 11
3 10
3 2
6 9
20 21
20 16
10 9
7 21
17 5
14 9
24 6
6 9
26 16
5 9
21 14
24 25
20 15
19 13
17 7
11 18
14 11
29 5
25 20
14 4
4 9
5 5
24 27
12 21
25 28
27 11
12 13
2 21
21 5
25 23
2 22
18 3
8 26
5 16
18 18
13 4
4 26
21 7
2 22
7 24
18 18
15 3
3 25
16 16
14 12
27 19
9 16
18 7
12 22
21 6
20 26
29 11
7 4
2 24
18 15
19 15
13 17
25 4
3 3
8 25
19 25
21 9
27 5
21 2
20 4
11 14
10 16
20 6
25 16
26 10
17 7
4 6
11 2
26 7
29 18
12 2
9 2
7 13
4 27
11 9
9 2
9 29
21 19
3 25
29 25
22 28
20 22
14 11
30 8
4 26
25 6
13 24
18 2
21 19
21 11
2 30
6 11
30 7
12 13
6 25
12 5
3 14
26 11
12 19
8 19
10 13
28 8
16 20
9 22
30 14
17 11
22 22
16 10
26 7
24 16
27 4
10 18
11 26
14 10
5 17
16 13
24 14
2 15
24 6
10 3
25 5
16 26
8 4
26 10
7 4
6 17
30 26
29 30
12 3
23 25
30 14
28 16
25 18
2 4
4 30
18 25
29 22
28 30
25 8
25 23
9 15
20 12
27 6
5 27
20 10
11 11
6 10
24 27
18 3
5 29
3 6
18 19
28 6
18 19
28 3
7 6
15 16
2 6
21 11
19 3
9 20
23 15
2 24
20 18
14 23
17 23
7 14
20 26
15 3
6 22
8 6
15 8
11 29
10 30
17 11
29 13
14 24
27 9
23 26
3 30
25 11
13 9
28 9
23 7
30 17
11 16
5 14
4 8
11 23
3 17
7 30
19 4
6 21
8 2
28 16
4 28
8 21
2 13
5 25
16 2
20 3
26 18
24 12
29 10
20 21
28 14
23 22
4 26
22 24
17 19
9 22
30 24
11 25
28 16
25 9
22 24
22 13
16 3
16 22
13 27
16 18
19 16
17 18
24 28
24 28
18 7
5 7
16 26
7 7
22 13
29 18
30 27
22 8
16 15
21 11
11 28
6 5
10 6
5 2
16 29
18 30
9 24
25 24
3 8
10 13
22 10
28 8
23 7
27 21
25 13
5 22
16 13
13 26
18 12
27 8
29 16
5 20
23 27
7 26
13 21
9 14
6 4
2 18
17 20
5 18
27 20
29 29
18 4
27 18
2 5
8 5
2 18
16 9
15 28
11 12
4 6
2 3
20 26
19 13
13 30
14 9
10 17
13 16
18 17
12 13
30 12
22 14
15 14
17 6
4 29
15 2
17 25
28 27
24 14
9 29
7 11
14 5
11 30
25 15
17 29
21 25
5 28
14 7
20 21
13 4
11 16
28 15
5 10
2 19
26 8
4 6
23 13
14 5
5 13
7 8
17 8
9 27
21 8
28 17
11 28
4 25
19 26
15 6
9 6
25 12
2 27
29 27
26 30
4 8
10 17
25 7
13 3
27 10
20 12
15 13
9 10
28 7
25 28
18 6
9 25
8 21
10 14
27 14
10 9
9 7
29 19
26 4
10 23
13 5
6 14
20 5
17 6
19 22
2 28
5 13
26 27
28 28
10 20
25 26
