2609 500
25 24
8 14
18 22
3 4
2 30
19 19
3 7
24 11
24 17
18 22
15 25
18 8
8 30
10 3
2 20
24 9
4 8
17 13
18 16
18 25
18 8
11 20
3 17
10 6
23 10
4 26
16 14
20 16
17 9
24 26
11 17
12 4
13 6
14 2
27 29
6 14
13 14
21 12
17 7
17 23
2 17
25 19
5 16
15 11
24 9
6 17
9 3
21 16
30 9
24 5
18 20
12 13
12 14
11 5
29 16
27 16
9 13
2 13
2 12
19 16
24 12
26 22
2 22
6 5
12 25
11 30
13 30
29 22
17 14
5 13
17 28
10 9
25 22
9 27
25 27
20 2
27 22
23 13
24 11
25 25
8 9
18 12
25 11
20 28
9 30
19 6
30 5
19 28
7 17
20 15
9 23
12 20
25 28
28 23
6 25
24 15
15 29
23 20
15 26
29 17
30 9
21 12
7 3
4 7
14 24
21 21
20 16
2 16
14 17
22 14
13 22
2 5
24 7
26 13
29 28
17 27
3 17
17 24
12 27
11 13
19 28
18 4
8 3
30 24
30 18
15 6
11 29
14 18
8 23
15 12
16 2
2 11
16 21
18 4
30 12
2 15
6 21
30 27
5 23
7 7
24 12
15 15
16 22
7 24
14 30
12 2
17 28
26 9
12 14
27 7
15 19
19 24
6 11
18 10
26 26
7 20
26 3
23 4
6 12
28 5
14 23
16 16
28 21
2 11
19 8
5 30
26 14
9 15
29 24
13 3
5 15
4 17
3 9
12 4
23 11
10 29
13 22
24 27
17 8
9 14
6 22
15 20
12 26
3 12
18 24
21 30
30 23
10 7
13 16
21 2
6 6
20 21
8 5
14 4
27 7
22 24
22 17
30 12
14 7
13 15
9 16
28 16
18 14
14 30
14 17
13 12
8 5
23 22
29 21
6 22
29 27
10 2
24 14
16 28
15 4
30 6
23 5
12 27
26 8
26 21
6 17
17 7
14 9
5 2
21 28
21 28
21 14
11 14
21 22
6 15
27 7
27 17
16 30
5 29
28 13
4 15
9 28
10 3
12 22
29 29
11 5
17 25
27 12
2 2
4 17
27 21
27 22
4 14
6 20
27 16
8 7
17 17
8 24
11 3
2 27
11 2
6 19
30 6
10 24
10 25
26 20
28 7
12 15
2 29
6 22
20 5
25 20
2 17
7 13
11 22
22 4
3 8
20 5
25 9
25 17
4 15
9 26
2 6
11 12
22 9
17 11
23 7
25 29
17 10
14 16
13 29
23 19
13 29
17 10
14 6
15 20
15 5
30 19
12 6
16 26
24 22
12 2
6 28
3 27
8 6
10 17
23 30
17 7
16 23
27 16
23 23
3 6
27 24
4 11
14 30
16 23
3 10
9 17
27 16
26 9
22 27
13 12
11 28
7 21
8 20
28 5
13 14
14 4
4 20
27 11
24 10
27 16
24 7
2 8
18 18
19 9
27 6
17 20
20 21
11 7
13 19
11 13
24 8
11 23
4 5
7 14
16 20
27 26
21 22
18 18
12 26
25 21
20 25
22 5
17 29
9 19
5 29
26 30
13 7
5 11
8 29
9 26
19 14
18 14
6 3
12 17
29 25
24 21
7 24
22 19
19 25
30 21
11 7
18 30
18 25
27 21
10 3
2 24
17 13
25 29
6 3
5 14
28 2
18 13
7 6
3 30
9 19
9 4
26 25
29 21
25 26
6 2
4 20
13 25
29 4
26 15
9 11
3 11
20 6
27 7
10 16
8 25
15 7
30 10
23 16
4 4
15 28
16 5
27 12
10 26
7 21
19 18
5 16
29 20
8 15
29 2
2 11
3 22
16 3
4 10
24 15
14 13
21 6
30 9
16 25
27 13
5 6
26 6
13 2
12 25
16 6
19 21
9 13
27 29
27 17
15 9
24 29
15 28
15 3
11 11
29 28
15 8
18 24
3 20
7 29
23 30
7 16
30 2
24 4
14 29
10 19
8 4
13 29
30 21
5 17
14 3
10 26
5 22
8 18
21 9
4 3
24 8
23 18
12 5
24 20
25 21
26 14
5 11
4 13
21 28
25 26
27 9
18 8
13 24
17 26
30 14
26 10
27 6
17 9
3 8
3 22
3 28
19 4
3 7
20 12
7 26
8 18
2 6
17 6
10 14
23 29
22 22
6 15
28 10
9 27
22 25
7 19
16 17
26 4
7 17
7 11
5 30
8 22
27 7
29 8
