2609 500
14 6
14 8
2 11
21 20
4 23
14 3
20 24
11 20
13 10
26 9
20 24
30 3
10 2
27 11
12 23
5 6
17 2
2 23
2 15
25 16
17 2
28 8
13 30
17 14
27 15
14 8
21 6
13 29
9 15
3 26
14 4
27 23
21 20
10 27
7 16
28 29
23 29
4 9
12 7
17 2
10 6
21 2
28 3
15 28
22 22
11 9
25 16
12 12
29 25
29 26
20 23
14 11
24 22
2 22
18 26
5 12
25 16
12 27
16 24
12 23
29 30
2 9
13 3
21 16
3 30
19 5
17 6
26 11
6 26
28 29
21 15
26 30
3 8
22 19
28 7
24 6
3 24
27 17
10 5
17 9
6 3
8 3
3 8
4 11
14 20
6 14
28 30
26 29
26 20
11 20
24 10
15 9
22 11
10 20
9 27
11 7
29 12
6 13
28 4
18 21
4 19
6 10
12 27
12 13
21 20
4 29
17 10
12 5
11 30
9 16
21 17
8 6
7 6
20 19
24 18
12 27
20 11
21 27
26 26
5 11
16 20
30 3
26 28
6 16
13 25
27 24
9 29
29 30
27 7
12 10
24 19
13 25
12 19
7 11
14 22
8 29
29 3
4 2
20 4
5 27
30 8
21 13
2 23
27 9
26 15
20 19
23 16
11 22
23 19
25 13
23 8
25 17
16 18
7 9
9 19
10 10
29 22
27 28
12 18
26 28
27 10
11 11
13 8
6 29
15 16
23 7
21 10
9 18
9 6
8 19
26 21
29 18
13 17
29 25
3 9
11 27
16 3
4 10
7 25
11 27
12 15
18 13
4 30
19 28
20 9
13 18
6 27
23 6
26 29
16 13
11 17
25 8
3 6
29 30
30 12
23 13
6 17
10 20
26 8
7 21
12 23
24 2
18 24
15 28
24 3
25 14
18 5
22 27
2 25
25 9
26 10
14 8
2 3
6 24
30 27
10 28
15 16
20 17
5 28
30 19
18 3
4 27
21 30
10 4
11 12
30 19
22 7
23 2
6 7
19 28
3 26
27 13
11 25
6 16
23 25
19 10
19 13
26 9
4 10
29 17
30 21
26 10
17 26
10 20
30 16
23 21
27 20
11 4
27 26
17 15
16 20
23 16
12 30
6 8
2 9
3 9
30 6
7 12
6 15
7 27
26 27
8 8
10 30
4 12
26 19
22 10
10 28
8 22
25 26
12 25
29 16
21 25
19 18
8 8
23 27
2 29
19 14
6 23
20 22
29 24
30 5
11 15
6 28
24 10
29 5
28 13
7 10
14 26
30 8
14 23
23 15
30 18
29 27
23 9
22 23
3 12
7 25
2 15
24 21
26 6
4 8
23 22
18 12
19 12
7 7
22 20
27 25
2 19
23 3
29 30
17 22
2 28
13 22
17 19
12 11
3 16
18 17
29 11
7 30
14 2
11 28
7 25
20 19
28 29
12 12
10 24
12 7
2 16
29 21
25 9
20 14
7 7
9 30
29 7
30 7
16 22
15 25
3 30
19 9
5 8
12 7
3 30
24 26
6 13
29 8
7 21
2 16
19 16
29 28
22 26
2 11
8 8
21 11
13 20
9 7
15 23
19 21
18 10
3 21
20 10
16 4
21 27
17 17
18 8
13 14
3 22
23 21
11 8
4 13
3 20
5 16
20 27
21 5
22 27
16 13
3 6
27 23
29 17
10 2
30 2
11 6
30 24
22 6
29 17
9 21
18 14
30 7
15 2
26 16
26 11
7 6
4 21
5 28
16 8
29 4
6 14
7 19
13 14
28 27
2 26
27 20
15 13
10 22
16 29
20 24
9 14
21 25
4 14
9 28
13 19
8 17
24 8
15 20
30 7
3 7
23 10
23 15
15 15
26 14
11 13
18 3
20 4
6 30
19 10
10 4
22 29
12 27
12 22
22 4
20 13
26 7
5 7
18 21
6 11
4 25
11 16
2 20
6 21
29 8
14 26
4 2
11 30
14 17
23 27
14 14
21 22
19 26
20 29
30 12
2 27
12 14
17 21
10 18
28 6
4 25
7 5
25 21
22 16
27 17
10 11
15 23
17 26
2 4
20 15
17 2
14 26
8 15
30 30
10 30
4 4
19 20
8 15
18 18
4 4
7 3
4 7
19 13
21 5
25 15
11 19
9 10
21 13
15 21
12 23
22 24
9 14
22 8
28 5
19 24
28 17
22 10
7 15
27 3
5 17
26 4
4 21
5 19
23 21
24 7
16 18
