2609 500
25 15
20 30
29 26
17 17
4 30
3 28
2 29
16 20
28 20
17 3
30 20
12 12
15 4
9 10
26 20
12 25
13 27
7 14
25 4
17 3
22 13
10 16
11 20
30 18
14 10
13 2
20 22
11 6
20 2
6 17
9 25
28 18
23 26
22 9
26 25
22 9
17 7
8 5
26 27
22 30
22 24
25 18
28 18
11 22
4 15
15 12
23 30
15 18
13 23
30 29
13 16
30 8
12 18
24 26
7 30
18 20
11 13
27 23
11 19
15 29
19 15
23 26
27 17
29 20
16 19
4 17
17 28
21 4
19 10
20 22
21 28
8 21
18 16
14 15
24 30
15 24
2 3
17 8
4 22
26 29
11 15
29 6
20 26
28 12
23 19
2 30
17 8
25 10
15 18
28 3
4 7
27 17
9 9
23 6
8 29
10 23
16 11
3 8
26 3
10 4
14 2
3 16
22 10
28 5
20 17
11 30
24 27
19 16
2 7
12 11
19 15
17 29
16 27
28 4
3 19
11 15
18 19
26 22
29 24
20 8
13 6
27 17
4 4
17 16
29 22
14 24
25 2
8 15
29 25
16 26
29 29
8 18
20 15
29 18
29 6
27 9
19 30
15 20
6 8
14 27
20 18
14 7
8 13
26 30
22 2
27 4
4 15
17 26
24 7
20 28
10 22
26 5
6 9
29 22
24 23
3 25
28 8
26 24
6 27
28 28
10 14
7 23
14 6
29 10
29 13
10 8
25 16
3 12
19 10
21 27
4 6
3 27
4 23
16 11
4 11
14 15
16 9
26 21
29 10
29 30
26 15
4 17
23 24
23 25
8 24
10 29
7 4
24 4
6 26
23 17
25 11
18 22
5 7
4 22
27 13
29 4
16 16
7 27
30 14
10 23
25 9
4 26
11 26
25 6
7 26
28 28
6 20
24 9
19 17
28 9
16 23
6 11
16 21
4 4
7 13
23 5
19 19
4 9
17 24
28 24
17 27
5 25
24 13
30 17
15 23
12 19
25 23
19 24
9 7
10 14
17 20
11 11
12 4
22 24
2 2
26 10
7 2
29 5
19 4
9 17
15 26
15 11
10 3
10 10
27 18
9 13
28 16
29 18
4 11
5 14
15 3
6 30
10 22
21 15
19 8
13 13
20 4
28 13
11 22
27 11
29 28
23 28
2 20
16 19
28 7
21 4
20 16
26 19
13 18
21 21
3 28
24 8
4 13
10 21
26 29
11 6
19 21
24 23
17 5
3 9
25 18
28 28
29 8
15 16
25 26
16 11
19 13
24 10
24 10
2 5
21 28
30 4
23 4
20 2
11 3
5 24
21 15
19 29
22 19
19 14
6 2
4 5
9 3
7 18
25 5
12 2
20 12
30 14
24 28
16 15
8 27
9 18
5 28
30 17
19 18
24 18
18 5
16 22
2 10
23 8
26 20
12 14
5 9
21 8
22 11
9 23
11 10
27 4
13 8
6 7
9 13
6 9
20 12
28 23
17 24
19 27
14 30
22 12
7 14
16 17
15 18
26 17
20 29
3 27
24 18
14 7
12 19
4 4
21 26
19 11
20 12
10 12
2 24
23 9
29 10
22 24
2 15
6 21
18 8
16 6
22 24
19 7
15 25
30 13
3 4
5 5
11 21
23 19
25 4
30 28
16 22
2 15
23 29
10 14
9 26
21 8
10 5
29 9
17 7
29 5
20 8
24 2
23 15
17 21
2 25
30 17
12 20
2 28
27 14
9 3
6 21
29 16
5 3
23 13
28 12
22 26
3 16
18 15
2 7
14 2
17 20
20 2
13 23
25 13
30 17
5 4
25 5
27 4
13 25
2 17
24 9
14 18
19 29
30 13
25 30
22 19
7 12
6 14
4 3
18 5
4 13
20 16
23 4
16 7
5 19
24 20
30 28
9 28
21 17
5 5
11 28
22 2
10 17
2 4
28 25
2 18
10 6
3 7
3 6
17 19
13 20
26 30
12 21
8 17
16 11
4 26
30 24
15 24
4 9
17 12
10 19
17 3
20 28
29 4
5 16
18 17
6 16
12 3
20 15
16 21
30 2
20 18
30 8
11 25
27 8
12 29
12 5
18 29
12 11
8 23
19 8
6 20
24 27
16 19
20 13
18 8
13 8
10 22
5 2
12 28
26 7
9 9
12 25
6 10
11 19
25 25
30 22
14 25
7 8
30 12
2 15
23 12
15 27
14 22
28 4
10 5
15 4
25 8
26 19
10 22
