2609 500
7 18
26 24
23 21
30 22
29 22
10 3
6 2
2 8
10 26
26 22
24 22
11 10
22 12
22 22
7 25
10 2
5 19
12 20
24 10
30 29
18 16
11 11
14 7
16 14
30 28
9 18
28 5
22 30
9 17
18 27
21 25
27 2
25 14
2 19
29 19
30 7
23 2
25 2
26 12
27 28
22 2
20 19
20 12
10 13
9 18
5 24
2 20
12 25
6 17
30 25
28 22
5 21
20 8
28 27
4 11
22 29
14 6
22 11
15 17
4 7
6 16
17 15
15 18
28 26
3 12
11 11
20 26
10 30
24 25
19 28
18 19
24 23
20 10
20 16
19 3
4 22
15 19
10 13
13 28
10 3
18 2
8 14
6 21
12 10
18 17
9 8
9 12
14 26
26 26
20 19
24 18
18 13
16 11
8 22
16 16
13 5
10 15
25 12
21 12
18 6
13 23
2 22
30 19
24 2
22 4
29 6
27 15
27 20
19 23
25 9
17 7
17 14
9 26
24 22
17 6
8 13
23 19
30 7
5 4
21 7
27 15
3 19
10 26
13 6
12 20
13 26
22 23
30 20
26 2
19 15
20 7
16 10
21 20
15 14
8 17
9 6
16 8
27 2
19 30
14 15
16 10
30 28
14 24
16 15
26 23
3 29
7 29
23 27
27 20
27 30
13 19
18 14
9 23
20 3
24 16
18 3
22 19
22 2
20 25
9 19
19 29
18 17
3 25
16 22
9 8
11 14
25 4
3 30
28 22
22 25
26 30
16 21
9 6
5 5
6 27
6 17
15 11
8 7
23 9
21 9
2 27
21 16
5 13
4 11
11 4
25 14
19 9
28 29
19 30
12 11
3 5
14 23
3 11
18 19
11 11
24 11
9 26
6 19
5 9
21 12
24 7
29 26
2 29
5 6
28 9
4 4
7 9
24 15
29 25
28 27
30 28
24 16
14 29
29 24
17 10
4 13
18 12
5 15
15 21
15 25
16 13
13 19
5 15
13 9
22 6
7 6
3 5
17 29
16 3
11 13
10 4
27 6
6 21
30 4
11 12
27 3
8 20
13 25
10 9
10 25
2 18
22 29
22 12
10 6
10 5
16 29
7 14
12 15
25 15
11 24
29 12
9 20
12 10
8 20
8 2
27 18
9 25
9 23
28 17
3 25
14 11
25 20
5 17
11 8
26 12
25 7
11 4
27 7
29 10
11 3
26 30
20 29
17 26
6 2
12 2
14 19
25 26
12 13
22 28
16 3
15 3
8 17
21 5
22 21
21 27
5 21
19 19
2 23
17 15
9 23
22 13
22 14
12 25
26 7
6 17
9 22
18 11
17 21
7 16
24 17
13 28
6 2
4 23
19 16
3 29
25 23
21 30
14 15
28 13
21 21
30 2
22 19
20 7
13 9
14 21
15 10
21 8
21 3
26 27
8 24
13 5
7 19
6 25
10 7
20 15
13 12
21 18
8 29
30 4
27 27
27 16
2 22
4 3
4 27
10 23
8 17
12 30
9 23
23 12
27 19
16 5
11 25
22 14
2 21
2 3
24 14
13 29
17 6
28 22
6 4
6 13
26 6
11 28
5 23
10 29
7 25
17 2
12 4
7 12
21 8
5 18
6 15
29 23
29 5
27 24
14 21
19 6
8 2
13 12
21 2
11 2
18 3
18 2
25 13
21 6
26 6
17 3
14 26
28 6
30 23
14 23
16 24
18 16
8 15
28 2
22 24
9 29
10 24
12 10
11 4
25 2
26 12
4 25
18 18
12 21
2 10
6 10
27 11
3 18
13 8
2 14
24 21
13 12
9 10
7 18
27 6
28 29
23 29
6 28
24 19
25 20
28 30
8 28
3 9
20 29
12 24
14 6
8 20
26 29
2 30
10 10
20 26
8 21
22 22
27 5
23 27
29 11
25 6
20 21
20 28
30 20
7 6
29 9
22 17
5 24
7 8
28 13
6 25
13 14
12 5
18 7
7 25
2 30
22 23
25 3
29 17
9 2
4 11
7 27
4 3
8 5
15 28
5 20
4 14
30 11
10 7
11 27
10 22
17 3
3 27
11 25
15 17
21 2
23 7
19 20
17 28
27 16
2 20
26 13
5 7
16 18
26 11
19 3
10 20
19 29
21 7
19 6
21 30
28 18
23 2
25 4
27 21
3 30
29 27
13 23
5 8
24 12
15 4
20 12
9 29
30 29
4 11
6 11
13 13
28 15
9 28
13 25
8 26
6 21
16 3
