2609 500
18 12
6 27
28 18
6 16
14 15
24 20
26 16
6 10
8 3
11 4
30 2
27 8
14 10
21 9
12 17
2 28
15 25
14 9
3 17
20 29
29 17
25 2
30 19
18 7
7 12
13 7
30 5
21 13
28 5
11 6
10 2
14 13
7 21
7 8
7 15
7 7
26 27
26 3
28 16
22 18
16 9
28 10
5 30
30 17
16 6
8 18
3 26
11 16
16 7
6 6
13 27
2 17
7 5
16 22
9 15
25 14
13 19
14 14
20 30
14 25
3 8
13 7
13 6
14 29
24 28
26 25
23 11
7 23
19 25
13 19
21 28
25 20
4 22
2 25
10 12
22 30
19 26
24 20
28 25
20 26
24 30
7 28
18 11
16 22
16 24
19 9
17 26
21 24
3 23
15 25
30 3
18 23
8 13
15 22
21 2
24 2
30 30
20 17
2 20
24 24
7 7
21 2
25 30
5 9
9 20
6 2
15 8
30 22
23 16
2 29
14 18
24 2
11 17
20 23
5 27
27 19
27 22
23 8
26 21
23 8
10 6
18 20
17 22
14 22
8 11
18 23
13 30
24 29
20 4
18 12
2 2
11 8
18 20
24 20
16 20
15 6
5 22
25 10
24 6
20 8
30 17
22 2
23 17
19 16
17 2
8 28
23 14
17 5
12 25
8 29
23 2
8 15
2 29
16 3
14 28
18 22
24 12
25 25
6 4
3 11
16 10
27 4
8 25
20 4
23 23
28 10
25 28
5 8
15 17
30 27
15 24
25 6
16 6
15 28
28 14
19 21
26 22
9 23
12 21
4 30
21 11
25 10
6 12
26 6
13 22
30 24
26 11
28 9
2 26
23 9
27 29
23 5
20 10
7 15
19 20
21 11
25 8
27 9
10 4
15 25
26 21
23 8
3 20
27 8
22 4
3 6
21 25
2 11
23 16
14 3
3 21
11 29
22 14
26 28
4 5
19 7
30 25
28 7
2 24
23 16
19 16
17 8
7 18
15 10
13 11
25 14
11 11
8 30
28 12
29 22
24 28
22 29
8 22
11 14
7 29
29 23
9 12
30 2
19 26
11 7
10 9
9 3
17 12
18 8
19 11
25 7
20 14
9 16
5 3
24 4
5 18
2 29
22 11
21 11
4 22
25 22
24 9
24 3
6 27
19 2
15 7
20 25
23 14
15 2
21 7
18 18
21 2
5 8
24 19
27 27
2 12
23 27
9 4
24 17
5 25
10 30
30 23
5 26
23 3
21 8
17 14
10 17
9 27
11 23
30 24
30 25
26 19
29 20
4 14
10 23
16 28
2 4
4 8
20 7
25 13
29 4
15 25
23 8
22 9
26 6
14 13
30 28
2 8
13 5
15 18
13 15
26 13
19 8
27 30
10 17
18 7
23 12
28 14
6 30
30 20
9 19
5 23
24 2
25 16
30 6
29 13
21 17
7 2
4 2
11 11
7 9
17 12
7 19
17 19
4 21
13 20
22 17
11 10
26 25
4 13
2 16
16 22
8 11
15 16
21 5
4 12
14 24
27 7
27 27
16 12
13 12
6 14
27 9
16 21
14 29
3 10
16 23
20 2
10 26
10 18
24 17
29 18
19 9
7 10
4 18
17 28
5 6
11 11
25 18
9 15
22 21
14 13
10 10
15 13
5 27
4 18
22 19
14 27
27 11
24 8
5 30
23 21
10 12
14 13
18 28
22 6
4 6
13 17
27 19
19 17
6 4
5 3
3 14
17 19
20 21
27 6
2 29
13 17
20 19
26 18
20 19
26 4
12 11
20 18
29 16
15 23
14 29
8 7
12 14
23 19
8 27
2 5
4 17
25 13
16 25
19 22
7 13
8 16
6 11
17 14
2 7
6 25
15 20
12 17
3 25
12 2
12 11
11 28
6 21
12 23
25 11
3 18
29 21
20 3
19 10
14 13
17 23
6 2
2 20
16 6
5 15
12 5
29 15
9 13
21 13
30 18
27 11
4 8
17 7
22 14
17 27
20 8
3 24
16 8
5 29
9 15
14 18
5 5
3 26
12 18
21 3
12 6
13 29
20 25
2 22
30 14
30 18
14 22
30 12
28 20
9 17
10 24
3 18
5 22
17 23
4 7
4 18
17 12
9 19
17 3
22 24
11 17
28 18
26 27
29 2
9 15
17 22
22 15
30 6
4 22
9 24
7 21
19 16
17 13
16 2
5 13
17 26
16 20
25 5
15 3
13 21
30 10
12 29
18 11
14 28
